# Created by Octave 3.2.3, Sun Sep 05 11:14:40 2010 EDT <paulcentore@65.172.152.121.dsl.99main.com>
# name: MacAdamMatrix
# type: matrix
# rows: 40
# columns: 9
 10 14 16 18 20 18 16 10 6
 10 14 16 18 20 18 14 10 6
 10 14 16 20 20 18 16 10 6
 10 14 14 16 18 18 16 10 6
 8 8 10 12 16 18 20 12 6
 4 6 8 12 14 18 20 14 6
 2 6 8 10 14 16 18 20 8
 2 4 8 10 12 14 18 20 8
 2 4 6 10 12 14 16 20 12
 2 4 6 8 12 14 16 18 20
 2 4 6 8 12 14 16 18 18
 2 4 6 8 12 14 16 18 18
 2 4 6 8 12 14 16 18 18
 4 6 8 10 12 14 16 20 18
 4 8 10 12 14 16 18 20 18
 6 12 14 16 18 20 22 24 18
 8 16 22 26 28 28 26 24 16
 8 16 22 26 28 28 26 22 12
 8 16 22 26 28 28 26 20 12
 8 16 22 26 28 26 24 20 12
 8 14 20 24 24 22 22 18 10
 6 12 18 20 22 20 20 16 10
 6 12 16 18 18 18 18 16 10
 6 10 14 16 16 18 16 14 6
 6 10 12 16 16 16 16 12 4
 6 10 12 14 16 16 14 8 4
 8 10 12 14 16 16 12 8 4
 8 10 14 16 18 16 12 8 4
 8 12 14 18 18 14 10 6 2
 10 14 18 20 18 14 10 6 2
 38 38 34 26 20 14 10 6 2
 30 34 34 30 22 16 12 8 4
 26 30 34 32 26 18 12 8 4
 22 28 32 32 28 20 14 10 4
 20 24 30 32 30 24 18 12 6
 18 22 26 30 30 26 22 14 6
 16 20 22 26 26 24 20 14 6
 14 18 20 22 24 22 18 12 6
 12 16 18 20 22 20 16 12 6
 12 14 16 20 20 18 16 10 6
